64 , 1751277856.35159786 
65 , 1751277856.135161145 
66 , 1751277856.235172505 
67 , 1751277856.335173865 
68 , 1751277856.435180224 
69 , 1751277856.535181584 
70 , 1751277856.635184943 
71 , 1751277856.735186436 
72 , 1751277856.835189249 
73 , 1751277856.935192062 
74 , 1751277857.135197688 
75 , 1751277857.235199501 
76 , 1751277857.435202127 
77 , 1751277857.735207248 
78 , 1751277857.935209264 
79 , 1751277858.35205271 
80 , 1751277858.135207279 
81 , 1751277858.335207294 
82 , 1751277858.435211302 
83 , 1751277858.635221317 
84 , 1751277858.935229302 
85 , 1751277859.135232800 
86 , 1751277859.735232147 
87 , 1751277860.35224323 
88 , 1751277860.135225382 
89 , 1751277860.335225499 
90 , 1751277860.435233558 
91 , 1751277860.535234617 
92 , 1751277860.735247789 
93 , 1751277860.835256909 
94 , 1751277860.935258029 
95 , 1751277861.35262148 
96 , 1751277861.135263268 
97 , 1751277861.335267508 
98 , 1751277861.535267748 
99 , 1751277861.635263989 
100 , 1751277861.735266397 
101 , 1751277861.835259804 
102 , 1751277861.935262212 
103 , 1751277862.435216249 
104 , 1751277862.535218657 
105 , 1751277862.635186958 
106 , 1751277863.35157114 
107 , 1751277863.135159153 
108 , 1751277863.335169231 
109 , 1751277863.535196310 
110 , 1751277863.635211366 
111 , 1751277863.735213449 
112 , 1751277863.935219614 
113 , 1751277864.35224696 
114 , 1751277864.135226779 
115 , 1751277864.235242862 
116 , 1751277864.335244944 
117 , 1751277864.435264027 
118 , 1751277864.535266110 
119 , 1751277864.635279920 
120 , 1751277864.735283478 
121 , 1751277864.835285035 
122 , 1751277864.935288593 
123 , 1751277865.35291151 
124 , 1751277865.335304824 
125 , 1751277865.435302381 
126 , 1751277865.535305939 
127 , 1751277865.635267927 
128 , 1751277865.835221388 
129 , 1751277865.935224119 
130 , 1751277866.35187849 
131 , 1751277866.135190581 
132 , 1751277866.235150311 
133 , 1751277866.435133773 
134 , 1751277866.535136504 
135 , 1751277866.635158550 
136 , 1751277866.735161638 
137 , 1751277866.835215726 
138 , 1751277866.935218813 
139 , 1751277867.35277902 
140 , 1751277867.135280990 
141 , 1751277867.235323078 
142 , 1751277867.335326165 
143 , 1751277867.635330796 
144 , 1751277867.835290986 
145 , 1751277867.935292581 
146 , 1751277868.135255771 
147 , 1751277868.235249366 
148 , 1751277868.435291557 
149 , 1751277868.535293440 
150 , 1751277868.635349033 
151 , 1751277868.735351624 
152 , 1751277868.835395216 
153 , 1751277868.935397807 
154 , 1751277869.235436581 
155 , 1751277869.335439172 
156 , 1751277869.535405352 
157 , 1751277869.635329937 
158 , 1751277869.935282697 
159 , 1751277870.135279872 
160 , 1751277870.235298459 
161 , 1751277870.335301047 
162 , 1751277870.435334635 
163 , 1751277870.535337878 
164 , 1751277870.635380623 
165 , 1751277870.935422855 
166 , 1751277871.35449599 
167 , 1751277871.135453343 
168 , 1751277871.235477087 
169 , 1751277871.335480831 
170 , 1751277871.435495575 
171 , 1751277871.635480989 
172 , 1751277871.735484687 
173 , 1751277871.835465384 
174 , 1751277871.935469082 
